000
0.27077668, 00
0.27077668, 00
0.27077668, 00
0.27077668, 00
0.48016901, 00
0.48016901, 00
0.20747563, 00
0.20747563, 00
0.20747563, 00
0.20747563, 00
0.20747563, 00
0.20747563, 00
0.37891134, 00
0.37891134, 00
0.37891134, 00
0.37891134, 00
0.37891134, 00
0.37891134, 00
0.37891134, 00
0.37891134, 00
0.37891134, 00
0.37891134, 00
0.37891134, 00
0.37891134, 00
0.37891134, -0.19072949, 0
0.37891134, -0.19072949, 0
0.37891134, 0.02771231, 0
0.37891134, 0.02771231, 0
0.37891134, 0.02771231, 0
0.37891134, 0.02771231, 0
0.37891134, 0.02771231, 0
0.20098057, 0.02771231, 0
0.38349683, 0.02771231, 0
0.16632128, 0.02771231, 0
0.16632128, 0.02771231, 0
0.16632128, 0.02771231, 0
0.37656048, 0.02771231, 0
0.37656048, 0.02771231, 0
0.37656048, 0.02771231, 0
0.37656048, 0.02771231, 0
0.37656048, -0.15414755, 0
0.37656048, -0.15414755, 0
0.37656048, -0.15414755, 0
0.21238277, -0.15414755, 0
0.21238277, -0.15414755, 0
0.21238277, -0.15414755, 0
0.21238277, -0.15414755, 0
0.21238277, -0.15414755, 0
0.21238277, -0.15414755, 0
0.21238277, -0.15414755, 0
0.21238277, -0.15414755, 0
0.21238277, -0.15414755, 0
0.21238277, -0.15414755, 0
0.21238277, -0.15414755, 0
0.21238277, -0.15414755, 0
0.21238277, -0.15414755, 0
0.21238277, -0.15414755, 0
0.21238277, -0.15414755, 0
0.21238277, -0.15414755, 0
0.21238277, -0.15414755, 0
0.21238277, -0.15414755, 0
0.21238277, -0.15414755, 0
0.21238277, -0.15414755, 0
0.21238277, -0.15414755, 0
0.21238277, -0.15414755, 0
0.21238277, -0.15414755, 0
0.21238277, -0.15414755, 0
0.04691615, -0.15414755, 0
0.04691615, -0.15414755, 0
0.04691615, -0.15414755, 0
0.04691615, -0.15414755, 0
0.04691615, -0.15414755, 0
0.04691615, -0.15414755, 0
0.04691615, -0.15414755, 0
0.04691615, -0.15414755, 0
0.04691615, -0.15414755, 0
0.04691615, -0.15414755, 0
0.04691615, -0.15414755, 0
0.04691615, -0.15414755, 0
0.04691615, -0.15414755, 0
0.04691615, -0.15414755, 0
0.04691615, -0.15414755, 0
0.04691615, -0.15414755, 0
0.04691615, -0.15414755, 0
0.04691615, -0.15414755, 0
0.04691615, -0.15414755, 0
0.04691615, -0.15414755, 0
0.04691615, -0.15414755, 0
0.04691615, -0.15414755, 0
0.04691615, -0.15414755, 0
0.04691615, -0.15414755, 0
0.04691615, -0.15414755, 0
0.04691615, -0.15414755, 0
0.04691615, -0.15414755, 0
0.04691615, -0.15414755, 0
0.04691615, -0.15414755, 0
0.04691615, -0.15414755, 0
0.04691615, -0.15414755, 0
0.04691615, -0.15414755, 0
0.04691615, -0.15414755, 0
0.04691615, -0.15414755, 0
0.04691615, -0.15414755, 0
0.04691615, -0.15414755, 0
0.04691615, -0.15414755, 0
0.04691615, -0.15414755, 0
0.04691615, -0.15414755, 0
0.04691615, -0.15414755, 0
0.04691615, -0.15414755, 0
0.04691615, -0.15414755, 0
0.04691615, -0.15414755, 0
0.04691615, -0.15414755, 0
0.04691615, -0.15414755, 0
0.04691615, -0.15414755, 0
0.04691615, -0.15414755, 0
0.04691615, -0.15414755, 0
0.04691615, -0.15414755, 0
0.04691615, -0.15414755, 0
0.04691615, -0.15414755, 0
0.04691615, -0.15414755, 0
0.04691615, -0.15414755, 0
0.04691615, -0.15414755, 0
0.04691615, -0.15414755, 0
0.04691615, -0.15414755, 0
0.04691615, -0.15414755, 0
0.04691615, -0.15414755, 0
0.04691615, -0.15414755, 0
0.04691615, -0.15414755, 0
