[0.01727294921875, 0.00054931640625, 0.25213623046875]
[0.018310546875, -0.00958251953125, 0.256103515625]
[0.0130615234375, -0.00982666015625, 0.261474609375]
[0.01287841796875, 0.0, 0.27081298828125]
[0.00909423828125, 0.0015869140625, 0.257080078125]
[0.02105712890625, 0.001220703125, 0.2598876953125]
[0.0157470703125, -0.0076904296875, 0.26776123046875]
[0.0111083984375, -0.0078125, 0.24920654296875]
[0.02490234375, -0.0118408203125, 0.26593017578125]
[0.0242919921875, 0.01324462890625, 0.26434326171875]
[0.0145263671875, 0.0006103515625, 0.2490234375]
[0.0174560546875, 0.0001220703125, 0.26361083984375]
[0.0224609375, 0.01025390625, 0.25494384765625]
[0.00494384765625, -0.008544921875, 0.266845703125]
[0.00933837890625, -0.0074462890625, 0.25860595703125]
[0.0137939453125, -0.0069580078125, 0.257080078125]
[0.015625, -0.00897216796875, 0.2584228515625]
[0.01055908203125, -0.00048828125, 0.24481201171875]
[0.00799560546875, -0.0101318359375, 0.259521484375]
[0.02581787109375, 0.00177001953125, 0.24505615234375]
[0.01861572265625, -0.00732421875, 0.26513671875]
[0.010498046875, 0.00634765625, 0.26123046875]
[0.02081298828125, 0.0042724609375, 0.25225830078125]
[0.01812744140625, -0.00238037109375, 0.2596435546875]
[0.0111083984375, -0.0052490234375, 0.25701904296875]
[0.0081787109375, -0.00970458984375, 0.25286865234375]
[0.01220703125, 0.00140380859375, 0.26776123046875]
[0.01812744140625, 0.00408935546875, 0.26019287109375]
[0.005859375, -0.01324462890625, 0.260498046875]
[-0.00506591796875, -0.0013427734375, 0.25677490234375]
[0.01800537109375, -0.00701904296875, 0.2730712890625]
[0.01129150390625, 0.00048828125, 0.23822021484375]
[0.01043701171875, 0.00946044921875, 0.27130126953125]
[0.0125732421875, -0.0025634765625, 0.25665283203125]
[0.012939453125, 0.00433349609375, 0.2449951171875]
[0.0050048828125, 0.001953125, 0.2491455078125]
[0.013671875, -0.00189208984375, 0.25579833984375]
[0.02789306640625, -0.00311279296875, 0.2735595703125]
[0.010498046875, -0.0108642578125, 0.26904296875]
[0.0166015625, 0.0096435546875, 0.2667236328125]
[0.01922607421875, -0.00701904296875, 0.26031494140625]
[0.021728515625, 0.00457763671875, 0.26348876953125]
[0.0316162109375, -0.007568359375, 0.2728271484375]
[0.01324462890625, -0.00103759765625, 0.2786865234375]
[0.0035400390625, -0.01043701171875, 0.26129150390625]
[0.0184326171875, 0.00042724609375, 0.259033203125]
[0.0096435546875, -0.00335693359375, 0.27044677734375]
[0.00811767578125, -0.02099609375, 0.24017333984375]
[0.0284423828125, -0.0001220703125, 0.259765625]
[0.0262451171875, -0.01116943359375, 0.26837158203125]
[0.0194091796875, 0.0013427734375, 0.259765625]
[0.01300048828125, -0.00018310546875, 0.259765625]
[0.01458740234375, -0.01141357421875, 0.26629638671875]
[0.01611328125, -0.00750732421875, 0.2677001953125]
[-0.00115966796875, -0.00701904296875, 0.266357421875]
[0.015625, -0.01788330078125, 0.26568603515625]
[0.02587890625, -0.01171875, 0.264892578125]
[0.021240234375, 0.0006103515625, 0.257080078125]
[0.016357421875, -0.00335693359375, 0.25958251953125]
[0.00677490234375, -0.01800537109375, 0.256103515625]
[0.012939453125, -0.0078125, 0.265869140625]
[0.0123291015625, 0.00250244140625, 0.25726318359375]
[0.0101318359375, 0.0020751953125, 0.26165771484375]
[0.0113525390625, 0.0103759765625, 0.2578125]
[0.01153564453125, -0.01165771484375, 0.242919921875]
[0.015869140625, 0.012939453125, 0.2586669921875]
[0.00811767578125, 0.0023193359375, 0.25408935546875]
[0.02557373046875, -0.0133056640625, 0.27093505859375]
[0.01495361328125, 0.0045166015625, 0.26708984375]
[0.01287841796875, 0.00054931640625, 0.25775146484375]
[0.00335693359375, -0.017333984375, 0.2481689453125]
[0.02557373046875, 0.009033203125, 0.266845703125]
[0.0091552734375, -0.01025390625, 0.2642822265625]
[0.01824951171875, -0.00494384765625, 0.27117919921875]
[0.005126953125, 0.0008544921875, 0.25994873046875]
[0.0086669921875, -0.01055908203125, 0.269287109375]
[0.00994873046875, -0.0057373046875, 0.259521484375]
[0.02386474609375, 0.015625, 0.25372314453125]
[0.02044677734375, -0.0008544921875, 0.26568603515625]
[0.0157470703125, 0.0087890625, 0.24530029296875]
[0.01239013671875, -0.01434326171875, 0.26019287109375]
[0.00958251953125, -0.00152587890625, 0.25341796875]
[0.0157470703125, -0.00341796875, 0.2684326171875]
[0.01239013671875, 0.00018310546875, 0.25213623046875]
[0.0205078125, -0.01239013671875, 0.25115966796875]
[0.02276611328125, 0.0064697265625, 0.258544921875]
[0.009033203125, -0.00115966796875, 0.2613525390625]
[0.01702880859375, -0.00213623046875, 0.251708984375]
[0.02166748046875, -0.01202392578125, 0.26934814453125]
[0.01251220703125, -0.0064697265625, 0.24957275390625]
[-0.0081787109375, -0.00177001953125, 0.2554931640625]
[0.0255126953125, 0.00164794921875, 0.26116943359375]
[0.02520751953125, -0.00592041015625, 0.26654052734375]
[6.103515625e-05, -0.0106201171875, 0.2584228515625]
[0.02593994140625, -0.0064697265625, 0.25543212890625]
[0.01556396484375, 0.0042724609375, 0.2615966796875]
[0.015625, -0.00146484375, 0.270263671875]
[0.016357421875, -0.00274658203125, 0.27191162109375]
[0.0244140625, -0.01055908203125, 0.2822265625]
[0.01947021484375, 0.00201416015625, 0.2523193359375]
[0.01959228515625, -0.014892578125, 0.260986328125]
(0.01171875, -0.002685546875, 0.260223388671875)
