5.47866218e-05, -5.5131601e-05, 0.01437582
5.60911287e-05, -1.41999307e-05, 0.01394144
4.57384488e-05, 2.7272248e-05, 0.01386481
6.41060639e-05, 5.96834511e-05, 0.01388031
0.00020911, -8.2832726e-05, 0.0151393
-0.00011194, 0.00024633, 0.0147396
-0.00030768, 0.00049892, 0.0136352
-0.00039044, 0.00062568, 0.01437857
-0.00058476, 0.00094513, 0.0137431
-0.0006863, 0.00113276, 0.01496877
-0.00053137, 0.00099701, 0.01601056
-0.00053135, 0.00090631, 0.01738865
-0.00095549, 0.00123297, 0.01789507
-0.00135522, 0.00164845, 0.01685421
-0.00178147, 0.00213739, 0.01658198
-0.00189676, 0.00222052, 0.01825592
-0.00183046, 0.00205356, 0.01977035
-0.00186388, 0.00188572, 0.02131154
-0.00237585, 0.00217378, 0.0224472
-0.00299738, 0.00270701, 0.02192936
-0.00360202, 0.00325629, 0.02212465
-0.00409227, 0.00363814, 0.02363485
-0.00401768, 0.00338456, 0.02536303
-0.00395898, 0.00305393, 0.02697258
-0.00430339, 0.00304309, 0.02884713
-0.00513199, 0.00369026, 0.02858133
-0.00582318, 0.00422707, 0.02901184
-0.00656727, 0.00485424, 0.02985491
-0.00665262, 0.00469642, 0.03206993
-0.00668847, 0.00440724, 0.03422592
-0.00685334, 0.00414223, 0.03649494
-0.0076401, 0.00449669, 0.03829849
-0.00853648, 0.00516815, 0.03809566
-0.00953908, 0.00598549, 0.03846932
-0.01045759, 0.00656829, 0.04083438
-0.01048493, 0.00618868, 0.04307032
-0.01061815, 0.00579204, 0.04547466
-0.01127204, 0.00582558, 0.04810059
-0.01274883, 0.00686939, 0.04858023
-0.0139027, 0.00759557, 0.04967135
-0.01511851, 0.0084675, 0.05057114
-0.0153882, 0.00820126, 0.05353687
-0.01562931, 0.00783387, 0.05628353
-0.01604278, 0.00751535, 0.0592003
-0.01730476, 0.00800165, 0.06191256
-0.01870803, 0.00881971, 0.06274059
-0.02015457, 0.00967797, 0.06424967
-0.02147152, 0.01040758, 0.06627802
-0.02185248, 0.01004817, 0.06960219
-0.02215435, 0.00952985, 0.07273692
-0.02314444, 0.00959791, 0.07616989
-0.02498684, 0.0109029, 0.07561294
-0.02657035, 0.0119416, 0.07608861
-0.02832184, 0.01321331, 0.0768079
-0.02897786, 0.01309736, 0.08057837
-0.02939214, 0.01266795, 0.08415172
-0.0303778, 0.01268858, 0.0878934
-0.03267465, 0.01420833, 0.08934895
-0.03449109, 0.01537008, 0.09009868
-0.03637904, 0.0166814, 0.09090153
-0.03754869, 0.01697176, 0.09500657
-0.03819747, 0.01667332, 0.09899023
-0.03890124, 0.01631921, 0.10304166
-0.04050315, 0.01677894, 0.10716194
-0.04288936, 0.01852534, 0.10616898
-0.04498988, 0.01993657, 0.10662215
-0.0473745, 0.02171898, 0.10708896
-0.04836219, 0.02170982, 0.11153321
-0.04884454, 0.02112751, 0.11567889
-0.04977452, 0.02085403, 0.12016231
-0.05250608, 0.02261135, 0.12201892
-0.05450705, 0.02382141, 0.12263143
-0.05553813, 0.0238352, 0.12621779
-0.0561742, 0.0233535, 0.1308369
-0.05639165, 0.02243263, 0.13536063
-0.05698825, 0.02183522, 0.14010669
-0.05775077, 0.02134342, 0.14505566
-0.0586471, 0.02093987, 0.15004661
-0.05934214, 0.02031076, 0.1549343
-0.05994229, 0.01956092, 0.15980494
-0.06033697, 0.01857803, 0.16468919
-0.06074354, 0.01756568, 0.16970131
-0.06113142, 0.01650117, 0.17475104
-0.06168226, 0.01557765, 0.17978527
-0.06229582, 0.01466405, 0.18508531
-0.06274284, 0.01355417, 0.19037815
-0.06332805, 0.01255803, 0.19566014
-0.06374097, 0.01135469, 0.20103443
-0.06423103, 0.01017991, 0.20658887
-0.06464709, 0.00890054, 0.21213163
