0.00023208, 0.00014711, 0.01413024
0.00019829, 0.00019471, 0.01464448
0.00023437, 0.00019513, 0.01508643
0.00025553, 0.00020525, 0.01596786
0.00026387, 0.0002288, 0.01659312
0.00026761, 0.00025515, 0.01718353
0.00026215, 0.00028726, 0.01781934
0.00027239, 0.00030725, 0.01838586
0.000219, 0.00037134, 0.01930627
0.00017689, 0.00041408, 0.02014371
-0.00028208, 0.00095766, 0.0187604
-0.00025707, 0.00107789, 0.01566426
-0.00043764, 0.00139862, 0.01279751
-0.00084837, 0.00182733, 0.01345092
-0.00107837, 0.00205958, 0.01464445
-0.00134724, 0.00230284, 0.01611625
-0.00182782, 0.00277232, 0.0170902
-0.00228804, 0.00338076, 0.01490997
-0.00229763, 0.00355406, 0.01251845
-0.00315212, 0.00449105, 0.01167439
-0.0035426, 0.00481612, 0.0132513
-0.00398997, 0.00518276, 0.01479552
-0.00459781, 0.00571771, 0.01610699
-0.00561164, 0.00677156, 0.01530451
-0.0058955, 0.00719832, 0.01284917
-0.00631952, 0.00774564, 0.01061168
-0.00732253, 0.00868163, 0.01133916
-0.00799378, 0.00923383, 0.01287383
-0.00861816, 0.00973997, 0.01442887
-0.00942238, 0.01048001, 0.01553097
-0.01064076, 0.01186433, 0.0139085
-0.01077552, 0.01222664, 0.01152657
-0.01134143, 0.01299831, 0.00922795
-0.01229212, 0.01385305, 0.01076001
-0.01312159, 0.01456906, 0.01246805
-0.01395424, 0.01526513, 0.01435606
-0.01543548, 0.01673268, 0.01487367
-0.01602092, 0.01755933, 0.0122532
-0.01604738, 0.01783149, 0.00950521
-0.01731214, 0.01932575, 0.00700704
-0.01827276, 0.02017286, 0.00874476
-0.01923964, 0.02105113, 0.01034706
-0.02025481, 0.02197158, 0.01215801
-0.02192246, 0.02364851, 0.01297696
-0.02272956, 0.02483099, 0.00974917
-0.02299107, 0.02545136, 0.00671205
-0.02508919, 0.02773672, 0.00576882
-0.02619961, 0.02877594, 0.00784175
-0.02712641, 0.02962805, 0.00996516
-0.02832895, 0.03078599, 0.01185191
-0.03012384, 0.03264439, 0.01281113
-0.03064314, 0.03368889, 0.00895703
-0.0307092, 0.03427396, 0.00537039
-0.03301661, 0.03687451, 0.004609
-0.03429389, 0.03818707, 0.00685957
-0.03530063, 0.03920767, 0.00933847
-0.03663683, 0.04058795, 0.01152883
-0.03921861, 0.04350168, 0.01059581
-0.03989525, 0.04483581, 0.00634371
-0.04039143, 0.0459511, 0.00256427
-0.04302574, 0.04884059, 0.00281267
-0.04437504, 0.05023564, 0.0053482
-0.04576561, 0.05166533, 0.00792814
-0.0480022, 0.05408514, 0.00913131
-0.05006999, 0.05681792, 0.00548127
-0.0504506, 0.0579341, 0.00121445
-0.05158762, 0.0596576, -0.00181726
-0.05327161, 0.06140976, 0.00055567
-0.0548001, 0.06298981, 0.00311758
-0.05635461, 0.06457603, 0.00589461
-0.05895363, 0.06730349, 0.00765598
-0.06024121, 0.0693605, 0.00276895
-0.05947769, 0.06940834, -0.00204886
-0.05923794, 0.06935651, 0.00016616
-0.05966476, 0.06984437, 0.00365414
-0.06100789, 0.07126804, 0.00680514
-0.06214608, 0.07245034, 0.01021035
-0.06432091, 0.07474575, 0.01279922
-0.0662379, 0.07672441, 0.01597398
-0.06655974, 0.07714197, 0.0188834
-0.06688858, 0.07752769, 0.0222621
-0.06747862, 0.07821508, 0.0253514
-0.06803729, 0.07886026, 0.02869545
-0.06870247, 0.0796169, 0.03211577
-0.06918997, 0.08020675, 0.03555411
-0.06965926, 0.08079005, 0.03901823
-0.0701327, 0.08140898, 0.04235809
-0.07066136, 0.08206441, 0.04605776
-0.07120412, 0.08275781, 0.04967771
-0.07180478, 0.08349268, 0.05359605
-0.07233358, 0.08418937, 0.05732627
-0.07286009, 0.08486054, 0.06141741
-0.07333429, 0.08550811, 0.06535121
-0.07376884, 0.08612845, 0.06932668
-0.07420768, 0.08672693, 0.07367831
-0.07468973, 0.08740331, 0.07780729
-0.07518933, 0.08808294, 0.08220759
-0.07560031, 0.08867785, 0.08667175
-0.07583341, 0.08911178, 0.09108167
-0.0762491, 0.08974207, 0.09550358
-0.07678337, 0.09048187, 0.10015605
-0.07738053, 0.09130187, 0.1047755
