0.00122319, 1.18321177e-05, 0.01008289
0.00140473, -7.42999453e-05, 0.00967579
0.00160286, -0.00014309, 0.01056919
0.00166037, -4.79300516e-05, 0.0123894
0.00175228, 3.67556008e-05, 0.01398252
0.00188025, 9.22264034e-05, 0.0155272
0.00203674, 0.00011465, 0.01696838
0.00215585, 0.00016557, 0.01828815
0.00210357, 0.00033597, 0.01978936
0.0019366, 0.00058887, 0.0208152
0.00208541, 0.00062683, 0.01999699
0.00247016, 0.00048991, 0.01977929
0.00298041, 0.0002851, 0.01989714
0.00343354, 0.00026056, 0.01924326
0.0033788, 0.00071038, 0.02044775
0.00324555, 0.00119826, 0.02193893
0.00304619, 0.00168149, 0.02335584
0.00268923, 0.0022807, 0.02451904
0.00278339, 0.00244684, 0.02552203
0.00308996, 0.00249658, 0.0259262
0.0037769, 0.00222193, 0.02651851
0.00457736, 0.00187165, 0.02732193
0.00474083, 0.00214621, 0.02887548
0.0044423, 0.00286972, 0.03055729
0.0041922, 0.00346762, 0.03256862
0.00383114, 0.00410409, 0.03455196
0.00341613, 0.00477408, 0.03629419
0.0037744, 0.0048596, 0.03619406
0.00450241, 0.00461417, 0.03679921
0.0054289, 0.00421831, 0.03773116
0.00564085, 0.00453949, 0.0393868
0.00503966, 0.0056878, 0.04107078
0.00479874, 0.00635715, 0.04368856
0.00430564, 0.00722147, 0.04614526
0.00363309, 0.00823993, 0.04833554
0.00377228, 0.00860013, 0.04912893
0.00470851, 0.00827362, 0.04961996
0.0058522, 0.00776013, 0.05077634
0.00610156, 0.00815226, 0.0525845
0.00543394, 0.00944484, 0.05486781
0.00508824, 0.01030117, 0.05798885
0.00449568, 0.01134257, 0.06097047
0.00382253, 0.01242314, 0.06384265
0.00372711, 0.01304319, 0.0656213
0.0045573, 0.01291856, 0.06624788
0.00606912, 0.01219942, 0.06685274
0.00718382, 0.0119765, 0.06741455
0.00677898, 0.01314802, 0.0700734
0.00618513, 0.01442659, 0.07351256
0.0055692, 0.0156545, 0.07703475
0.00488137, 0.01688885, 0.08059159
0.00453901, 0.01788302, 0.0830404
0.00559726, 0.01769675, 0.08384753
0.00701817, 0.01716896, 0.08534036
0.00818262, 0.01686575, 0.0878778
0.0079097, 0.01793648, 0.09142289
0.00732835, 0.01924216, 0.09550796
0.00659095, 0.02064228, 0.09958992
0.00570921, 0.02216343, 0.1034276
0.00524098, 0.02338142, 0.10622992
0.00622514, 0.0233033, 0.10805201
0.00791721, 0.02271689, 0.10868772
0.00911749, 0.02251192, 0.11135375
0.00878172, 0.02379626, 0.11501216
0.00826899, 0.02513916, 0.11976074
0.0073595, 0.02683825, 0.12432047
0.00630295, 0.02868411, 0.12847861
0.00611826, 0.0297562, 0.13180243
0.00758732, 0.02936513, 0.13378272
0.00949944, 0.02862673, 0.13556885
0.01083003, 0.02842477, 0.13858126
0.01029797, 0.02997307, 0.14311301
0.00946824, 0.03173745, 0.14825051
0.00860223, 0.03347201, 0.15350233
0.00738237, 0.03561347, 0.15789935
0.00801744, 0.03606422, 0.16096205
0.00972386, 0.03563651, 0.16281357
0.01208077, 0.03466067, 0.16445555
0.01259181, 0.03537487, 0.16843606
0.01196941, 0.0371983, 0.17306552
0.01153814, 0.03882298, 0.17800204
0.01156701, 0.03987446, 0.18401154
0.01146517, 0.04111773, 0.18934736
0.01115678, 0.04263688, 0.19416435
0.01064003, 0.04427589, 0.19995287
0.01072873, 0.04531895, 0.20565692
0.01167255, 0.04571666, 0.20958854
0.01242639, 0.04617705, 0.21518442
0.01327606, 0.04655557, 0.22083792
0.01385613, 0.04719848, 0.22669165
0.01457732, 0.04771731, 0.23251926
0.01510465, 0.04844568, 0.23836253
0.01575302, 0.04906422, 0.24427876
0.01659738, 0.04949961, 0.25025022
0.01749582, 0.04987556, 0.25642973
0.01838126, 0.05029916, 0.26244001
0.01905599, 0.05093094, 0.26866887
0.01984774, 0.05144205, 0.2750894
0.02065917, 0.05195398, 0.28145952
0.02132418, 0.05264512, 0.28770933
0.0219946, 0.05331305, 0.29432702
0.02277082, 0.05389461, 0.3009175
0.02366304, 0.05436464, 0.30762611
