-0.00461501, -0.00530949, 0.01219101
-0.01255766, -0.00723019, 0.02159928
-0.01789128, -0.00932752, 0.02742786
-0.02048672, -0.0116748, 0.03228513
-0.02143664, -0.01547115, 0.03958733
-0.02152275, -0.01916055, 0.04910004
-0.02250384, -0.02204389, 0.06195771
-0.02312513, -0.02510244, 0.07776609
-0.02476548, -0.02816347, 0.09741002
-0.02555278, -0.03116893, 0.11893375
-0.02127789, -0.03659492, 0.14144876
-0.01910042, -0.03876679, 0.16683591
-0.02117662, -0.03939195, 0.19785936
-0.02833103, -0.03916506, 0.23484346
-0.03825007, -0.03725775, 0.2742643
-0.04811526, -0.03514895, 0.31508361
-0.0523269, -0.03421705, 0.35420868
-0.05141289, -0.03449088, 0.39336757
-0.04207006, -0.03875858, 0.4323181
-0.03109502, -0.04548822, 0.47614418
-0.01945873, -0.04910181, 0.52006558
-0.00986676, -0.05336752, 0.5707719
-0.0060311, -0.05134887, 0.62492919
-0.01312252, -0.04303421, 0.68690608
-0.02371012, -0.03401745, 0.75407475
-0.03828572, -0.0247698, 0.82703134
-0.05113667, -0.0172095, 0.90189616
-0.06024835, -0.01160421, 0.97724423
-0.06666718, -0.00076248, 1.04786829
-0.06076363, 0.00348572, 1.11675977
-0.04532302, 0.00397369, 1.18416765
-0.0280059, -0.00187896, 1.26037738
-0.00712033, -0.00620091, 1.33606509
0.00608208, -0.00554342, 1.41884832
0.01250169, 0.00459046, 1.50264836
0.01547717, 0.02962464, 1.57785916
-0.00127218, 0.05148777, 1.67815612
-0.02556173, 0.07360923, 1.787688
-0.04669894, 0.09674377, 1.89509455
-0.06367705, 0.11129881, 2.0090296
-0.06736993, 0.12719156, 2.11076607
-0.05902056, 0.14863497, 2.19834957
-0.03789118, 0.15740412, 2.28981012
-0.00720875, 0.14794347, 2.39438813
0.03546049, 0.13387964, 2.49649353
0.05827834, 0.14115859, 2.60171763
0.06797398, 0.15572864, 2.71654395
0.0675403, 0.17889243, 2.83595502
0.06201869, 0.20669624, 2.95850001
0.03331806, 0.23863741, 3.10258977
0.00554159, 0.27619527, 3.24232137
-0.0172214, 0.31496741, 3.3781825
-0.02718347, 0.34458471, 3.5131362
-0.02263001, 0.36807995, 3.64288976
-0.00702242, 0.38234094, 3.77465778
0.03144117, 0.38738711, 3.89681623
0.07786381, 0.37027083, 4.03784075
0.12831383, 0.36405388, 4.16863118
0.15934166, 0.37935897, 4.30121376
0.16908101, 0.40606455, 4.44723633
0.1711934, 0.44658964, 4.5904605
0.1510207, 0.48977001, 4.75603321
0.11908536, 0.53104254, 4.93744335
0.0846189, 0.57764392, 5.11863167
0.07236731, 0.61947364, 5.28541146
0.07639522, 0.65654969, 5.44393527
0.09386292, 0.68097792, 5.60548116
0.15201044, 0.68466419, 5.75157185
0.22833283, 0.67187862, 5.90100823
0.30010261, 0.66437067, 6.05483926
0.33528186, 0.67920633, 6.22750776
0.35567235, 0.7132435, 6.39969074
0.35706822, 0.75732491, 6.58428503
0.34654256, 0.81655295, 6.76855601
0.29604126, 0.87381366, 6.99743526
0.25654705, 0.92870595, 7.22033527
0.24000068, 0.98321185, 7.42314762
0.24423067, 1.04263792, 7.60331208
0.26215493, 1.08147283, 7.79441497
0.32563332, 1.09962616, 7.96465911
0.40831631, 1.06757246, 8.17056012
0.50496479, 1.06701715, 8.33607758
0.56211882, 1.08913588, 8.52265741
0.56546968, 1.13921047, 8.73871666
0.55808489, 1.19650598, 8.96181998
0.5474836, 1.26963867, 9.17534819
0.4873925, 1.34564195, 9.43787587
0.44741272, 1.40879068, 9.69561881
0.42535998, 1.48659183, 9.92344342
0.43202427, 1.54010196, 10.14961688
0.45235284, 1.58421065, 10.37482794
0.50387732, 1.61173366, 10.58938462
0.60001641, 1.59717485, 10.80584495
0.69144434, 1.59125109, 11.02292049
0.78353707, 1.60547947, 11.22320961
0.83682251, 1.6361071, 11.44954062
0.85729511, 1.6844718, 11.69430501
0.87851601, 1.71305215, 11.96010626
0.89745396, 1.75741955, 12.21399321
0.8937779, 1.81358918, 12.48168298
0.88612828, 1.86063325, 12.7662262
0.87554824, 1.92740251, 13.0372409
0.91596476, 1.93938549, 13.31484659
0.95404657, 1.96728838, 13.58160583
0.98203564, 1.99693759, 13.85954441
1.0145178, 2.02516199, 14.13726858
1.04272983, 2.05549181, 14.41983854
1.07559921, 2.08238894, 14.70389866
1.11141885, 2.11005366, 14.98712018
1.13967807, 2.13971943, 15.2788207
1.17530832, 2.17427629, 15.56100551
1.20592956, 2.20620839, 15.85358674
1.24067759, 2.2334314, 16.14951895
1.272808, 2.26213499, 16.44921848
1.30045937, 2.29275111, 16.75412787
1.33207681, 2.31834019, 17.06296024
1.36281602, 2.34247777, 17.37713166
1.40256929, 2.36401781, 17.68774232
