[767.6874236874237, 208.41514041514043, 1388.4346764346765]
[766.1880341880342, 196.42002442002442, 1386.935286935287]
[761.6898656898658, 190.42246642246644, 1382.4371184371184]
[784.1807081807083, 202.41758241758242, 1389.934065934066]
[775.1843711843712, 197.91941391941393, 1388.4346764346765]
[776.6837606837607, 199.41880341880344, 1383.936507936508]
[775.1843711843712, 190.42246642246644, 1382.4371184371184]
[784.1807081807083, 167.93162393162393, 1397.4310134310135]
[779.6825396825398, 139.44322344322345, 1380.937728937729]
[778.1831501831502, 124.44932844932846, 1382.4371184371184]
[775.1843711843712, 103.45787545787546, 1361.4456654456656]
[766.1880341880342, 76.46886446886447, 1353.948717948718]
[793.1770451770452, 64.47374847374847, 1341.953601953602]
[793.1770451770452, 35.985347985347985, 1331.4578754578756]
[803.6727716727718, 22.490842490842493, 1307.4676434676435]
[785.6800976800977, 17.992673992673993, 1307.4676434676435]
[793.1770451770452, -5.997557997557998, 1290.9743589743591]
[794.6764346764347, -7.496947496947497, 1292.4737484737486]
[778.1831501831502, 1.4993894993894994, 1266.984126984127]
[778.1831501831502, -8.996336996336996, 1242.993894993895]
[779.6825396825398, -32.98656898656899, 1211.5067155067156]
[790.1782661782662, -38.98412698412699, 1204.009768009768]
[776.6837606837607, -43.482295482295484, 1190.5152625152625]
[778.1831501831502, -44.981684981684985, 1165.025641025641]
[767.6874236874237, -58.47619047619048, 1121.5433455433456]
[772.1855921855922, -55.47741147741148, 1084.0586080586081]
[761.6898656898658, -62.97435897435898, 1057.0695970695972]
[764.6886446886448, -86.96459096459097, 1030.080586080586]
[758.6910866910868, -80.96703296703298, 980.6007326007326]
[755.6923076923077, -77.96825396825398, 937.1184371184372]
[766.1880341880342, -67.47252747252747, 896.6349206349207]
[755.6923076923077, -80.96703296703298, 880.1416361416362]
[758.6910866910868, -64.47374847374847, 866.6471306471307]
[758.6910866910868, -56.97680097680098, 848.6544566544567]
[767.6874236874237, -58.47619047619048, 823.1648351648352]
[761.6898656898658, -65.97313797313798, 809.6703296703297]
[763.1892551892553, -56.97680097680098, 791.6776556776557]
[746.6959706959707, -44.981684981684985, 752.6935286935287]
[763.1892551892553, -7.496947496947497, 713.7094017094017]
[757.1916971916972, -13.494505494505495, 709.2112332112332]
[766.1880341880342, 10.495726495726496, 689.7191697191697]
[769.1868131868132, 20.99145299145299, 676.2246642246643]
[767.6874236874237, 43.482295482295484, 650.7350427350427]
[766.1880341880342, 58.47619047619048, 641.7387057387058]
[767.6874236874237, 85.46520146520147, 631.2429792429792]
[766.1880341880342, 118.45177045177046, 622.2466422466423]
[764.6886446886448, 148.43956043956044, 599.7557997557998]
[764.6886446886448, 173.92918192918194, 604.2539682539683]
[769.1868131868132, 191.92185592185592, 605.7533577533578]
[746.6959706959707, 215.9120879120879, 607.2527472527473]
[758.6910866910868, 235.4041514041514, 619.2478632478633]
[751.1941391941392, 257.8949938949939, 626.7448107448108]
[752.6935286935287, 272.8888888888889, 641.7387057387058]
[773.6849816849817, 290.8815628815629, 686.7203907203908]
[773.6849816849817, 314.87179487179486, 716.7081807081807]
[766.1880341880342, 337.3626373626374, 770.6862026862027]
[764.6886446886448, 355.35531135531136, 782.6813186813188]
[763.1892551892553, 374.84737484737485, 829.1623931623932]
[755.6923076923077, 371.8485958485959, 829.1623931623932]
[772.1855921855922, 386.84249084249086, 850.1538461538462]
[751.1941391941392, 373.34798534798534, 898.1343101343102]
[772.1855921855922, 398.83760683760687, 935.6190476190477]
[776.6837606837607, 400.3369963369964, 980.6007326007326]
[758.6910866910868, 392.84004884004884, 991.0964590964592]
[766.1880341880342, 395.83882783882785, 1034.5787545787546]
[778.1831501831502, 386.84249084249086, 1078.06105006105]
[782.6813186813188, 370.3492063492064, 1127.5409035409036]
[778.1831501831502, 383.84371184371184, 1162.026862026862]
[782.6813186813188, 355.35531135531136, 1186.017094017094]
[788.6788766788767, 344.85958485958486, 1219.0036630036632]
[788.6788766788767, 328.3663003663004, 1250.4908424908426]
[808.1709401709402, 298.3785103785104, 1271.4822954822955]
[817.1672771672772, 286.3833943833944, 1301.4700854700855]
[796.1758241758242, 274.3882783882784, 1328.4590964590966]
[811.1697191697192, 251.8974358974359, 1332.9572649572651]
[814.1684981684982, 232.40537240537242, 1347.95115995116]
[800.6739926739928, 220.4102564102564, 1380.937728937729]
[808.1709401709402, 202.41758241758242, 1362.945054945055]
[788.6788766788767, 184.42490842490844, 1365.943833943834]
[782.6813186813188, 161.93406593406596, 1395.931623931624]
[742.1978021978023, 164.93284493284494, 1389.934065934066]
[677.7240537240538, 187.42368742368743, 1398.930402930403]
[617.7484737484738, 215.9120879120879, 1412.4249084249086]
[544.2783882783883, 215.9120879120879, 1361.4456654456656]
[508.29304029304035, 218.91086691086693, 1344.952380952381]
[469.30891330891336, 209.91452991452994, 1349.4505494505495]
[440.8205128205128, 206.91575091575092, 1308.967032967033]
[421.3284493284493, 208.41514041514043, 1301.4700854700855]
[377.84615384615387, 224.90842490842493, 1265.4847374847375]
[329.8656898656899, 236.90354090354091, 1226.5006105006105]
[286.3833943833944, 230.9059829059829, 1177.0207570207572]
[244.40048840048843, 245.8998778998779, 1120.043956043956]
[211.41391941391942, 253.39682539682542, 1094.5543345543347]
[193.42124542124543, 236.90354090354091, 1043.5750915750916]
[152.93772893772893, 230.9059829059829, 1018.0854700854701]
[106.45665445665446, 205.41636141636144, 965.6068376068376]
[97.46031746031747, 217.41147741147742, 940.1172161172161]
[80.96703296703298, 236.90354090354091, 898.1343101343102]
[34.48595848595849, 235.4041514041514, 829.1623931623932]
[5.997557997557998, 238.40293040293042, 737.6996336996338]
[-32.98656898656899, 227.90720390720392, 638.7399267399268]
[-38.98412698412699, 230.9059829059829, 574.2661782661783]
[-40.48351648351649, 242.90109890109892, 478.30525030525035]
[-55.47741147741148, 250.3980463980464, 400.3369963369964]
[-46.48107448107449, 251.8974358974359, 323.8681318681319]
[-37.48473748473749, 247.39926739926742, 275.88766788766793]
[-19.492063492063494, 239.9023199023199, 227.90720390720392]
[-16.493284493284495, 253.39682539682542, 200.91819291819294]
[31.48717948717949, 227.90720390720392, 164.93284493284494]
[62.97435897435898, 235.4041514041514, 158.93528693528694]
[97.46031746031747, 251.8974358974359, 148.43956043956044]
[116.95238095238096, 260.8937728937729, 166.43223443223445]
[172.42979242979243, 271.3894993894994, 149.93894993894995]
[224.90842490842493, 278.8864468864469, 155.93650793650795]
[263.8925518925519, 263.8925518925519, 160.43467643467645]
[320.8693528693529, 251.8974358974359, 175.42857142857144]
[370.3492063492064, 245.8998778998779, 185.92429792429795]
[415.33089133089135, 235.4041514041514, 218.91086691086693]
[503.7948717948718, 220.4102564102564, 293.8803418803419]
[503.7948717948718, 220.4102564102564, 304.3760683760684]
[584.7619047619048, 202.41758241758242, 361.3528693528694]
[643.2380952380953, 199.41880341880344, 439.32112332112337]
[727.2039072039072, 191.92185592185592, 514.2905982905983]
[754.1929181929182, 194.92063492063494, 593.7582417582418]
[773.6849816849817, 196.42002442002442, 628.2442002442003]
[799.1746031746032, 215.9120879120879, 685.2210012210013]
[821.6654456654458, 202.41758241758242, 724.2051282051283]
[851.6532356532357, 205.41636141636144, 844.1562881562882]
[871.1452991452992, 238.40293040293042, 896.6349206349207]
[878.6422466422467, 248.89865689865692, 940.1172161172161]
[872.6446886446887, 257.8949938949939, 973.1037851037852]
[907.1306471306472, 251.8974358974359, 1090.0561660561661]
[893.6361416361417, 247.39926739926742, 1145.5335775335775]
[884.6398046398047, 248.89865689865692, 1184.5177045177045]
[887.6385836385837, 229.40659340659343, 1242.993894993895]
[889.1379731379732, 230.9059829059829, 1281.978021978022]
[859.1501831501832, 218.91086691086693, 1334.4566544566546]
[838.1587301587302, 200.91819291819294, 1341.953601953602]
[809.6703296703297, 200.91819291819294, 1365.943833943834]
[776.6837606837607, 209.91452991452994, 1359.946275946276]
[772.1855921855922, 179.92673992673994, 1385.4358974358975]
[767.6874236874237, 197.91941391941393, 1392.932844932845]
[757.1916971916972, 190.42246642246644, 1388.4346764346765]
[752.6935286935287, 227.90720390720392, 1383.936507936508]
[748.1953601953602, 248.89865689865692, 1376.4395604395604]
[706.2124542124543, 272.8888888888889, 1367.4432234432236]
[700.2148962148963, 311.8730158730159, 1340.4542124542124]
[673.2258852258852, 328.3663003663004, 1323.960927960928]
[634.2417582417582, 341.8608058608059, 1296.9719169719172]
[580.2637362637363, 374.84737484737485, 1244.4932844932846]
[539.7802197802198, 383.84371184371184, 1236.996336996337]
[521.7875457875458, 389.8412698412699, 1211.5067155067156]
[470.8083028083028, 394.33943833943835, 1175.5213675213677]
[418.32967032967036, 404.83516483516485, 1148.5323565323565]
[370.3492063492064, 403.33577533577534, 1112.5470085470085]
[338.8620268620269, 410.8327228327229, 1096.0537240537242]
[326.86691086691087, 394.33943833943835, 1060.0683760683762]
[287.8827838827839, 394.33943833943835, 1030.080586080586]
[241.4017094017094, 382.3443223443224, 991.0964590964592]
[215.9120879120879, 353.85592185592185, 1012.0879120879122]
[212.91330891330892, 350.8571428571429, 991.0964590964592]
[188.92307692307693, 358.3540903540904, 964.1074481074481]
[154.43711843711844, 313.3724053724054, 959.6092796092796]
[137.94383394383397, 274.3882783882784, 959.6092796092796]
[121.45054945054946, 241.4017094017094, 961.1086691086691]
[115.45299145299145, 235.4041514041514, 947.6141636141637]
[116.95238095238096, 215.9120879120879, 941.6166056166056]
[106.45665445665446, 205.41636141636144, 932.6202686202687]
[77.96825396825398, 184.42490842490844, 911.6288156288157]
[65.97313797313798, 122.94993894993895, 910.1294261294262]
[95.96092796092796, 103.45787545787546, 890.6373626373627]
[77.96825396825398, 77.96825396825398, 914.6275946275947]
[83.96581196581197, 44.981684981684985, 896.6349206349207]
[125.94871794871796, 23.99023199023199, 916.1269841269842]
[149.93894993894995, -14.993894993894994, 920.6251526251526]
[200.91819291819294, -34.48595848595849, 973.1037851037852]
[220.4102564102564, -67.47252747252747, 961.1086691086691]
[226.4078144078144, -56.97680097680098, 970.1050061050062]
[239.9023199023199, -62.97435897435898, 1006.0903540903541]
[292.3809523809524, -89.96336996336997, 1027.081807081807]
[359.8534798534799, -91.46275946275946, 1069.064713064713]
[421.3284493284493, -76.46886446886447, 1138.0366300366302]
[491.7997557997558, -62.97435897435898, 1186.017094017094]
[503.7948717948718, -64.47374847374847, 1211.5067155067156]
[542.7789987789988, -64.47374847374847, 1230.998778998779]
[560.7716727716728, -55.47741147741148, 1239.995115995116]
[578.7643467643468, -50.97924297924298, 1247.4920634920636]
[598.2564102564103, -53.97802197802198, 1248.9914529914531]
[617.7484737484738, -34.48595848595849, 1269.982905982906]
[650.7350427350427, -46.48107448107449, 1254.9890109890111]
[689.7191697191697, -4.498168498168498, 1308.967032967033]
[731.7020757020757, 26.98901098901099, 1335.9560439560441]
[758.6910866910868, 55.47741147741148, 1359.946275946276]
[797.6752136752137, 86.96459096459097, 1380.937728937729]
[787.1794871794872, 149.93894993894995, 1394.4322344322345]
[796.1758241758242, 173.92918192918194, 1385.4358974358975]
[772.1855921855922, 176.92796092796092, 1374.9401709401711]
[800.6739926739928, 191.92185592185592, 1362.945054945055]
[784.1807081807083, 209.91452991452994, 1376.4395604395604]
[767.6874236874237, 229.40659340659343, 1361.4456654456656]
[782.6813186813188, 250.3980463980464, 1361.4456654456656]
