3.07776875e-05, 0.00013372, 0.0211661
-3.8105073e-05, 0.00026664, 0.0251824
-0.00025434, 0.00049134, 0.03177776
-0.00039076, 0.00051113, 0.04113532
-0.00084338, 0.00086227, 0.05292466
-0.00130736, 0.00091988, 0.06753915
-0.00175723, 0.00103034, 0.08447619
-0.00241264, 0.00120248, 0.10400406
-0.00302166, 0.0016407, 0.12557424
-0.00320855, 0.0014848, 0.14989185
-0.00418471, 0.0016747, 0.17729933
-0.00522498, 0.00180546, 0.20735899
-0.0056775, 0.00185045, 0.23936539
-0.00695941, 0.00228712, 0.27441279
-0.00810077, 0.00239523, 0.31215346
-0.00992723, 0.00270828, 0.35295749
-0.01063032, 0.00346879, 0.39478535
-0.01270554, 0.00436131, 0.44058024
-0.01415962, 0.00460346, 0.48889574
-0.01589725, 0.00501529, 0.53985634
-0.01855427, 0.00631568, 0.59338382
-0.02098774, 0.00780631, 0.64878542
-0.02383889, 0.00932495, 0.70695595
-0.02638175, 0.00912626, 0.76906164
-0.02854555, 0.01082033, 0.83133983
-0.03008502, 0.01045804, 0.89749471
-0.03379875, 0.01249948, 0.96581911
-0.03865251, 0.01399368, 1.03823379
-0.04232431, 0.01542206, 1.11199423
-0.04669635, 0.0158953, 1.19004839
-0.04935433, 0.01576192, 1.26950869
-0.05281875, 0.01643536, 1.35142035
-0.05500936, 0.01784458, 1.4337363
-0.05907025, 0.01998518, 1.51965213
-0.06328983, 0.02012721, 1.61008895
-0.06731043, 0.02103579, 1.70191645
-0.07088722, 0.02172719, 1.79590225
-0.07574589, 0.02441586, 1.8914084
-0.08009847, 0.02574341, 1.99012151
-0.08674367, 0.03149599, 2.08918196
-0.09109279, 0.0326144, 2.19314462
-0.09700683, 0.0337402, 2.3012124
-0.10204791, 0.03314631, 2.41281307
-0.10500467, 0.03300586, 2.52441798
-0.11101612, 0.03552709, 2.63896463
-0.11713147, 0.03839494, 2.75590456
-0.12223776, 0.04111419, 2.87455221
-0.1281045, 0.04060907, 2.99978363
-0.13138244, 0.04000339, 3.12511405
-0.13734979, 0.04220123, 3.2529268
-0.14205528, 0.04134709, 3.38506355
-0.14440781, 0.04271347, 3.51509019
-0.14746575, 0.04368688, 3.64871095
-0.15477673, 0.04921186, 3.78453596
-0.16206769, 0.04980878, 3.92782086
-0.16918457, 0.05423437, 4.06953112
-0.17648176, 0.05824957, 4.21425906
-0.18348758, 0.06440676, 4.35891344
-0.1908746, 0.06483847, 4.51221198
-0.19917138, 0.07087367, 4.66342853
-0.20334239, 0.07188865, 4.81811337
-0.20808522, 0.07220302, 4.97663026
-0.2169056, 0.07903586, 5.13525986
-0.22519825, 0.08362362, 5.29805287
-0.23100286, 0.08666897, 5.46248089
-0.23782736, 0.09022871, 5.63005547
-0.24350353, 0.09127861, 5.80158696
-0.25267892, 0.09330338, 5.97829237
-0.25972883, 0.09795208, 6.15287439
-0.26621819, 0.09933564, 6.33265147
-0.27620293, 0.10586189, 6.51327221
-0.28673557, 0.10901519, 6.70040803
-0.29794387, 0.11292687, 6.89006645
-0.30711091, 0.11955004, 7.07751233
-0.31650498, 0.12143594, 7.2724183
-0.32361433, 0.12563767, 7.46517614
-0.33480225, 0.12856085, 7.66578053
-0.347256, 0.13455022, 7.86693625
-0.35755035, 0.13520447, 8.07356013
