0.00116244, 0.00024387, 0.0097561
0.00192692, 0.00038549, 0.01972894
0.00276429, 5.85789256e-05, 0.02974582
0.00393614, -7.0644389e-05, 0.04014118
0.00429037, -0.00025859, 0.05076348
0.00474952, -2.91643343e-05, 0.06130537
0.00567481, -0.00046358, 0.07219877
0.00619249, -0.00036837, 0.08305804
0.00745462, -0.00034394, 0.0932998
0.00783313, 2.70725766e-05, 0.10367822
0.00871699, 0.00027858, 0.11512342
0.00951043, -2.89978002e-05, 0.12565562
0.00971803, 8.81622041e-05, 0.13641485
0.01044069, 0.00056905, 0.14646374
0.01163691, 0.00021265, 0.1567494
0.01274041, 0.00013213, 0.16758922
0.01296994, 0.00021265, 0.17773815
0.01366329, 0.00012719, 0.1878578
0.01432979, -0.00016331, 0.19844371
0.01481078, -0.00037081, 0.20934455
0.0149695, -0.00037084, 0.21962286
0.01560427, -0.0002024, 0.2297474
0.01665647, -0.00071751, 0.24000131
0.01748652, -0.00124727, 0.25017221
0.01860465, -0.00170135, 0.26026256
0.01959337, -0.00214323, 0.26991592
0.0206041, -0.00207488, 0.27996233
0.02155624, -0.00200897, 0.29042132
0.0222789, -0.00193574, 0.3004604
0.02305527, -0.00192842, 0.31078022
0.02431012, -0.00232634, 0.32118306
0.02469589, -0.00250456, 0.33212541
0.02563583, -0.00206269, 0.34227436
0.0266075, -0.00215546, 0.3525771
0.02737899, -0.00240203, 0.36311664
0.02824324, -0.00211396, 0.37301168
0.02856307, -0.00225069, 0.38318014
0.02886095, -0.00236543, 0.39404925
0.02867299, -0.00206029, 0.40393207
0.02977649, -0.00221166, 0.41402974
0.03044299, -0.00230443, 0.42420064
0.03146105, -0.00279025, 0.43483295
0.03199084, -0.00282443, 0.44536517
0.03294054, -0.00284885, 0.4553896
0.03423692, -0.00257785, 0.46585592
0.03487413, -0.00242893, 0.47641255
0.035609, -0.0026047, 0.48725971
0.03643419, -0.00263644, 0.49744282
0.03755723, -0.00256565, 0.50755514
0.03762561, -0.0028757, 0.51821918
0.03853137, -0.00234837, 0.52832906
0.03875355, -0.00221411, 0.53846089
0.03993763, -0.00216528, 0.54916158
0.04049915, -0.00256811, 0.55913961
0.04140734, -0.00250708, 0.56917868
0.04202014, -0.0026853, 0.57954244
0.04294786, -0.00293676, 0.58973044
0.04396836, -0.00286596, 0.59958153
0.0447545, -0.00278295, 0.61008201
0.04580185, -0.00317113, 0.62049461
0.04640732, -0.00353489, 0.63123434
0.04748886, -0.00370334, 0.64163473
0.04848739, -0.00390597, 0.65227682
0.04928085, -0.00424043, 0.66269429
0.05039656, -0.00437226, 0.67305074
0.05107039, -0.00435273, 0.68336812
0.05189803, -0.00442841, 0.69393453
0.05252059, -0.00433565, 0.70437886
0.05370956, -0.00403779, 0.71515767
0.05407822, -0.00414277, 0.72583149
0.05477403, -0.00385469, 0.73651264
0.05581894, -0.00380587, 0.74655415
0.05649766, -0.0032883, 0.75653707
0.05748643, -0.00306858, 0.76691549
0.0583165, -0.00291722, 0.77706198
0.05906846, -0.00297092, 0.78787985
0.05944933, -0.00315647, 0.79841695
0.05995471, -0.00265599, 0.80909077
0.06043323, -0.00273167, 0.81963764
0.06183947, -0.00254124, 0.83015767
0.06214954, -0.00247045, 0.84049702
0.06243764, -0.00243383, 0.85129779
0.06336782, -0.00205541, 0.86198139
0.0640392, -0.00199683, 0.87172993
0.06518177, -0.00188452, 0.88207661
0.06613635, -0.00246068, 0.89227193
0.06703235, -0.00247289, 0.90228658
0.0672765, -0.00250219, 0.91290913
0.06860217, -0.00256078, 0.92323873
0.06949573, -0.00230688, 0.93351705
0.07088976, -0.002468, 0.94412496
0.0717174, -0.00256322, 0.95467916
0.07272813, -0.00284153, 0.96500387
0.0735753, -0.00240941, 0.97526754
0.07426378, -0.00245092, 0.98532614
0.07547959, -0.00271458, 0.99622946
0.07614122, -0.00244603, 1.00664694
0.07658556, -0.00222143, 1.01674948
0.07711047, -0.00233861, 1.02723776
0.07818957, -0.00212865, 1.03776998
0.07913928, -0.00169897, 1.04838034
0.07983508, -0.00126197, 1.05828269
0.08065295, -0.00115699, 1.06844871
0.08173448, -0.00141089, 1.0782534
0.08254991, -0.00123999, 1.08878075
0.08351671, -0.00127662, 1.09907372
0.08471543, -0.00134497, 1.10912988
0.0863121, -0.00121802, 1.1194375
0.08657334, -0.00128394, 1.12987207
0.08646593, -0.00105201, 1.13988183
0.08759629, -0.00103492, 1.15011865
0.088983, -0.00042702, 1.1597549
0.08975937, -0.00018777, 1.17005763
0.09056015, -0.00029031, 1.18031154
0.0912706, -0.00026345, 1.19081203
0.09260604, -0.00037087, 1.20069973
0.09398542, -0.00077858, 1.21034085
0.0941661, -0.000886, 1.22157375
0.0948497, -0.00079567, 1.23245509
0.09579452, -0.00084449, 1.24273829
0.09676376, -0.00117408, 1.25318507
0.0973741, -0.0015525, 1.26299709
0.09818953, -0.00144508, 1.27305568
0.09898055, -0.00158668, 1.2834341
0.0994615, -0.00224829, 1.29365626
0.10033309, -0.00226538, 1.30404445
0.10155378, -0.0024314, 1.31450343
0.10220808, -0.00256567, 1.32525538
0.10314314, -0.00249243, 1.33587305
0.10442, -0.00221411, 1.34647364
0.10511824, -0.00261694, 1.35669093
0.10598738, -0.00225805, 1.36700343
0.10692243, -0.00256567, 1.37706202
0.10768904, -0.00252172, 1.38747218
0.10866072, -0.00227026, 1.39821437
0.10929548, -0.00262914, 1.40877833
0.11022321, -0.00292455, 1.41911768
0.11089216, -0.00296361, 1.42967432
0.11168806, -0.00326878, 1.4399502
0.11240339, -0.00317845, 1.45017969
0.11336286, -0.00362767, 1.46033838
0.114586, -0.00381077, 1.47027491
0.11506696, -0.0037766, 1.48037257
0.11664898, -0.00346898, 1.49064357
0.11757916, -0.00365941, 1.50102687
0.1186192, -0.00334202, 1.5115176
0.12002544, -0.00348118, 1.5222256
0.12060406, -0.00351292, 1.53255519
0.12179302, -0.00322483, 1.54315822
0.1225938, -0.00378147, 1.55362697
0.12356792, -0.00404025, 1.56395656
0.12413677, -0.00440646, 1.57460352
0.12501567, -0.00446261, 1.5850088
0.12577495, -0.00461398, 1.59545069
0.12601177, -0.00473849, 1.60573877
0.12704937, -0.00495822, 1.61583399
0.12700787, -0.00494846, 1.62603907
0.12772076, -0.00480442, 1.63670557
0.12855572, -0.00448704, 1.64702784
0.12855573, -0.00437962, 1.65623683
0.12917829, -0.0044138, 1.66660304
0.12984968, -0.00456273, 1.67734278
0.13138287, -0.00488743, 1.68745997
0.13186383, -0.00484837, 1.69821436
0.13258405, -0.00509739, 1.70888086
0.1338194, -0.00563937, 1.71984033
0.13419782, -0.00549289, 1.72992089
0.13503278, -0.00537327, 1.73994043
0.13568463, -0.00562229, 1.75031152
0.13629499, -0.00598606, 1.76066064
0.1373692, -0.00587863, 1.77128076
0.13831158, -0.0064963, 1.7815957
0.1393736, -0.00618869, 1.79247948
0.13985211, -0.00619113, 1.80257958
0.14027692, -0.00648654, 1.81382713
0.14099225, -0.00664279, 1.82385643
0.14215436, -0.0064963, 1.83408837
