[20.99145299145299, 284.8840048840049, 1138.0366300366302]
[38.98412698412699, 287.8827838827839, 1141.0354090354092]
[20.99145299145299, 290.8815628815629, 1124.5421245421246]
[22.490842490842493, 278.8864468864469, 1147.032967032967]
[20.99145299145299, 290.8815628815629, 1148.5323565323565]
[11.995115995115995, 289.3821733821734, 1147.032967032967]
[25.48962148962149, 281.8852258852259, 1144.034188034188]
[20.99145299145299, 272.8888888888889, 1127.5409035409036]
[23.99023199023199, 230.9059829059829, 1084.0586080586081]
[25.48962148962149, 196.42002442002442, 1067.5653235653235]
[26.98901098901099, 181.42612942612945, 1055.5702075702077]
[20.99145299145299, 173.92918192918194, 1039.076923076923]
[22.490842490842493, 164.93284493284494, 1000.0927960927961]
[2.998778998778999, 142.44200244200246, 956.6105006105007]
[14.993894993894994, 118.45177045177046, 910.1294261294262]
[4.498168498168498, 97.46031746031747, 842.6568986568986]
[10.495726495726496, 106.45665445665446, 809.6703296703297]
[-5.997557997557998, 100.45909645909647, 776.6837606837607]
[-11.995115995115995, 88.46398046398046, 766.1880341880342]
[-13.494505494505495, 71.97069597069597, 712.2100122100122]
[-5.997557997557998, 86.96459096459097, 691.2185592185592]
[-13.494505494505495, 86.96459096459097, 667.2283272283273]
[-4.498168498168498, 95.96092796092796, 617.7484737484738]
[-22.490842490842493, 88.46398046398046, 587.7606837606838]
[-11.995115995115995, 88.46398046398046, 539.7802197802198]
[-4.498168498168498, 106.45665445665446, 494.79853479853483]
[-11.995115995115995, 124.44932844932846, 460.3125763125763]
[-4.498168498168498, 124.44932844932846, 451.3162393162393]
[-14.993894993894994, 137.94383394383397, 409.33333333333337]
[0.0, 163.43345543345544, 398.83760683760687]
[-14.993894993894994, 181.42612942612945, 368.8498168498169]
[-11.995115995115995, 212.91330891330892, 331.3650793650794]
[-22.490842490842493, 248.89865689865692, 289.3821733821734]
[-22.490842490842493, 241.4017094017094, 262.3931623931624]
[-13.494505494505495, 289.3821733821734, 236.90354090354091]
[-16.493284493284495, 317.8705738705739, 233.90476190476193]
[10.495726495726496, 362.8522588522589, 218.91086691086693]
[10.495726495726496, 380.8449328449329, 238.40293040293042]
[13.494505494505495, 409.33333333333337, 235.4041514041514]
[5.997557997557998, 472.3076923076923, 227.90720390720392]
[1.4993894993894994, 499.2967032967033, 250.3980463980464]
[5.997557997557998, 533.7826617826618, 286.3833943833944]
[25.48962148962149, 571.2673992673994, 343.3601953601954]
[14.993894993894994, 595.2576312576313, 383.84371184371184]
[11.995115995115995, 584.7619047619048, 415.33089133089135]
[22.490842490842493, 634.2417582417582, 479.8046398046398]
[16.493284493284495, 647.7362637362638, 542.7789987789988]
[11.995115995115995, 641.7387057387058, 581.7631257631258]
[16.493284493284495, 658.2319902319903, 638.7399267399268]
[29.987789987789988, 677.7240537240538, 730.2026862026862]
[34.48595848595849, 655.2332112332113, 796.1758241758242]
[26.98901098901099, 661.2307692307693, 854.6520146520147]
[34.48595848595849, 622.2466422466423, 950.6129426129427]
[32.98656898656899, 595.2576312576313, 1000.0927960927961]
[13.494505494505495, 575.7655677655678, 1036.078144078144]
[25.48962148962149, 553.2747252747253, 1072.063492063492]
[25.48962148962149, 509.7924297924298, 1112.5470085470085]
[11.995115995115995, 481.3040293040293, 1133.5384615384617]
[20.99145299145299, 437.82173382173386, 1127.5409035409036]
[4.498168498168498, 424.32722832722834, 1147.032967032967]
[11.995115995115995, 385.34310134310135, 1139.5360195360197]
[19.492063492063494, 346.35897435897436, 1133.5384615384617]
[23.99023199023199, 319.3699633699634, 1117.045177045177]
[32.98656898656899, 289.3821733821734, 1115.5457875457876]
[29.987789987789988, 286.3833943833944, 1102.0512820512822]
[32.98656898656899, 260.8937728937729, 1115.5457875457876]
[46.48107448107449, 253.39682539682542, 1096.0537240537242]
[41.98290598290598, 238.40293040293042, 1114.046398046398]
[26.98901098901099, 233.90476190476193, 1097.5531135531137]
[13.494505494505495, 241.4017094017094, 1100.5518925518927]
[-26.98901098901099, 247.39926739926742, 1088.5567765567766]
[-134.94505494505495, 241.4017094017094, 1042.075702075702]
[-221.90964590964592, 232.40537240537242, 973.1037851037852]
[-269.8901098901099, 233.90476190476193, 937.1184371184372]
[-322.3687423687424, 214.41269841269843, 880.1416361416362]
[-371.8485958485959, 203.91697191697193, 805.1721611721612]
[-398.83760683760687, 212.91330891330892, 748.1953601953602]
[-440.8205128205128, 233.90476190476193, 737.6996336996338]
[-440.8205128205128, 233.90476190476193, 700.2148962148963]
[-463.3113553113553, 229.40659340659343, 658.2319902319903]
[-487.30158730158735, 238.40293040293042, 628.2442002442003]
[-517.2893772893773, 218.91086691086693, 613.2503052503052]
[-514.2905982905983, 214.41269841269843, 586.2612942612943]
[-539.7802197802198, 215.9120879120879, 536.7814407814408]
[-554.7741147741148, 227.90720390720392, 470.8083028083028]
[-586.2612942612943, 223.40903540903543, 395.83882783882785]
[-592.2588522588522, 239.9023199023199, 319.3699633699634]
[-596.7570207570208, 233.90476190476193, 224.90842490842493]
[-578.7643467643468, 256.39560439560444, 176.92796092796092]
[-575.7655677655678, 238.40293040293042, 125.94871794871796]
[-529.2844932844934, 238.40293040293042, 50.97924297924298]
[-490.3003663003663, 241.4017094017094, 32.98656898656899]
[-413.83150183150184, 250.3980463980464, -5.997557997557998]
[-322.3687423687424, 250.3980463980464, 4.498168498168498]
[-217.41147741147742, 259.3943833943834, 46.48107448107449]
[-139.44322344322345, 251.8974358974359, 70.47130647130648]
[-82.46642246642247, 259.3943833943834, 146.94017094017096]
[-5.997557997557998, 257.8949938949939, 257.8949938949939]
[92.96214896214897, 260.8937728937729, 343.3601953601954]
[112.45421245421247, 248.89865689865692, 430.3247863247864]
[167.93162393162393, 250.3980463980464, 511.2918192918193]
[190.42246642246644, 259.3943833943834, 608.7521367521368]
[217.41147741147742, 242.90109890109892, 682.2222222222223]
[247.39926739926742, 251.8974358974359, 748.1953601953602]
[259.3943833943834, 271.3894993894994, 811.1697191697192]
[248.89865689865692, 257.8949938949939, 842.6568986568986]
[262.3931623931624, 251.8974358974359, 908.6300366300367]
[236.90354090354091, 262.3931623931624, 964.1074481074481]
[235.4041514041514, 268.3907203907204, 1013.5873015873017]
[208.41514041514043, 262.3931623931624, 1063.0671550671552]
[184.42490842490844, 256.39560439560444, 1097.5531135531137]
[122.94993894993895, 248.89865689865692, 1108.04884004884]
[92.96214896214897, 250.3980463980464, 1129.0402930402931]
[25.48962148962149, 247.39926739926742, 1129.0402930402931]
[-4.498168498168498, 244.40048840048843, 1108.04884004884]
[-31.48717948717949, 250.3980463980464, 1096.0537240537242]
[-47.98046398046398, 239.9023199023199, 1096.0537240537242]
[-13.494505494505495, 250.3980463980464, 1112.5470085470085]
[4.498168498168498, 247.39926739926742, 1105.050061050061]
[25.48962148962149, 260.8937728937729, 1129.0402930402931]
[46.48107448107449, 281.8852258852259, 1133.5384615384617]
[89.96336996336997, 299.8778998778999, 1147.032967032967]
[88.46398046398046, 334.36385836385836, 1162.026862026862]
[46.48107448107449, 335.86324786324786, 1168.0244200244201]
[71.97069597069597, 392.84004884004884, 1153.030525030525]
[82.46642246642247, 431.8241758241758, 1144.034188034188]
[80.96703296703298, 437.82173382173386, 1141.0354090354092]
[59.975579975579976, 461.8119658119658, 1138.0366300366302]
[46.48107448107449, 470.8083028083028, 1129.0402930402931]
[41.98290598290598, 466.31013431013434, 1108.04884004884]
[23.99023199023199, 505.29426129426133, 1100.5518925518927]
[-31.48717948717949, 517.2893772893773, 1085.5579975579976]
[-65.97313797313798, 542.7789987789988, 1037.5775335775336]
[-124.44932844932846, 541.2796092796093, 1015.0866910866912]
[-167.93162393162393, 565.2698412698413, 967.1062271062272]
[-214.41269841269843, 554.7741147741148, 964.1074481074481]
[-218.91086691086693, 527.7851037851038, 934.1196581196582]
[-256.39560439560444, 536.7814407814408, 908.6300366300367]
[-304.3760683760684, 532.2832722832724, 886.1391941391942]
[-305.87545787545787, 515.7899877899878, 916.1269841269842]
[-362.8522588522589, 484.30280830280833, 844.1562881562882]
[-407.83394383394386, 491.7997557997558, 808.1709401709402]
[-466.31013431013434, 451.3162393162393, 718.2075702075703]
[-508.29304029304035, 394.33943833943835, 679.2234432234433]
[-509.7924297924298, 377.84615384615387, 691.2185592185592]
[-487.30158730158735, 341.8608058608059, 710.7106227106227]
[-463.3113553113553, 307.3748473748474, 746.6959706959707]
[-452.8156288156288, 296.8791208791209, 763.1892551892553]
[-446.81807081807085, 286.3833943833944, 760.1904761904763]
[-415.33089133089135, 266.8913308913309, 799.1746031746032]
[-361.3528693528694, 250.3980463980464, 853.1526251526252]
[-356.85470085470087, 247.39926739926742, 866.6471306471307]
[-326.86691086691087, 230.9059829059829, 881.6410256410256]
[-304.3760683760684, 224.90842490842493, 893.6361416361417]
[-275.88766788766793, 211.41391941391942, 917.6263736263737]
[-235.4041514041514, 181.42612942612945, 922.1245421245421]
[-181.42612942612945, 163.43345543345544, 964.1074481074481]
[-91.46275946275946, 193.42124542124543, 1013.5873015873017]
[-46.48107448107449, 220.4102564102564, 1046.5738705738706]
[-28.48840048840049, 215.9120879120879, 1063.0671550671552]
[-8.996336996336996, 211.41391941391942, 1064.5665445665447]
[-8.996336996336996, 229.40659340659343, 1078.06105006105]
[-26.98901098901099, 196.42002442002442, 1054.0708180708182]
[-34.48595848595849, 218.91086691086693, 1058.5689865689867]
[-20.99145299145299, 242.90109890109892, 1072.063492063492]
[11.995115995115995, 257.8949938949939, 1109.5482295482295]
[44.981684981684985, 284.8840048840049, 1132.0390720390722]
[49.47985347985348, 295.37973137973137, 1141.0354090354092]
[71.97069597069597, 307.3748473748474, 1150.031746031746]
[80.96703296703298, 313.3724053724054, 1156.029304029304]
[113.95360195360196, 338.8620268620269, 1157.5286935286936]
[136.44444444444446, 374.84737484737485, 1136.5372405372407]
[122.94993894993895, 391.3406593406594, 1151.5311355311355]
[112.45421245421247, 412.33211233211233, 1151.5311355311355]
[101.95848595848597, 398.83760683760687, 1151.5311355311355]
[74.96947496947497, 449.81684981684987, 1133.5384615384617]
[31.48717948717949, 469.30891330891336, 1127.5409035409036]
[-61.47496947496948, 490.3003663003663, 1094.5543345543347]
[-151.43833943833945, 491.7997557997558, 1043.5750915750916]
[-253.39682539682542, 497.79731379731385, 967.1062271062272]
[-328.3663003663004, 485.80219780219784, 890.6373626373627]
[-427.32600732600736, 497.79731379731385, 745.1965811965813]
[-505.29426129426133, 476.80586080586085, 604.2539682539683]
[-550.2759462759464, 455.81440781440784, 536.7814407814408]
[-589.2600732600733, 443.81929181929183, 422.82783882783883]
[-622.2466422466423, 433.32356532356533, 334.36385836385836]
[-583.2625152625153, 490.3003663003663, 379.3455433455434]
[-457.31379731379735, 589.2600732600733, 500.7960927960928]
[-328.3663003663004, 634.2417582417582, 634.2417582417582]
[-253.39682539682542, 658.2319902319903, 697.2161172161173]
[-143.94139194139194, 677.7240537240538, 757.1916971916972]
[-32.98656898656899, 661.2307692307693, 817.1672771672772]
[49.47985347985348, 637.2405372405373, 854.6520146520147]
[103.45787545787546, 613.2503052503052, 917.6263736263737]
[161.93406593406596, 565.2698412698413, 964.1074481074481]
[214.41269841269843, 509.7924297924298, 1010.5885225885227]
[245.8998778998779, 496.29792429792434, 1010.5885225885227]
[257.8949938949939, 479.8046398046398, 881.6410256410256]
[266.8913308913309, 475.30647130647134, 757.1916971916972]
[236.90354090354091, 469.30891330891336, 646.2368742368743]
[206.91575091575092, 442.3199023199023, 572.7667887667887]
